
						逆时针
						左边眉毛 : 19 62 83 58 60 28 79 29 84
						右边眉毛 : 44 54 71 48 74 75 70 73 24
						左眼：94 12 3 67 59 35 53 34 1 .. ..
                        有眼: 91 27 51 43 47 20 85 41 104 .. ..
                        鼻子: 21 23 22 69 90 31 88  89 46 87 86 93 92


1
3               51
12              53
19              54
20
24              58
27
28              59
29              60
34
35
41
43
44
47
48
                62
                67
                70
                71
                73
                74
                75

                83
                84
                85
                91
                94
                104






